931
898
904
916
922
924
906
910
919
952
960
985
1013
1024
1007
994
974
972
957
937
944
939
942
897
902
912
913
961
969
980
1004
1010
1031
1027
1010
1023
981
968
956
893
833
838
815
822
838
846
889
910
953
980
979
986
994
984
994
970
972
972
964
947
895
896
894
928
950
982
982
1009
1005
1025
1025
1028
1017
1001
991
964
955
903
866
870
893
909
926
948
973
994
1008
1014
1029
1048
1032
1038
1001
902
882
873
855
888
887
920
961
972
993
1027
1019
1024
1035
1026
1030
1007
1000
996
987
936
940
950
947
992
985
1005
1012
1018
1039
1046
1044
1035
1053
1039
1030
1024
1021
942
960
945
972
982
982
998
1009
1014
1002
1017
1000
1016
1008
996
984
997
981
924
929
936
964
986
1019
1022
1045
1046
1046
1039
1018
1014
993
992
979
942
935
940
951
993
1015
1059
1042
1062
1091
1093
1064
1073
1063
1034
1024
1004
933
937
944