844
853
859
824
849
869
885
903
921
977
949
981
968
974
969
942
923
881
849
886
880
898
932
974
918
948
967
950
937
936
917
879
880
878
903
916
953
963
957
959
993
930
955
936
916
861
854
822
836
841
890
937
953
954
962
978
957
973
977
958
897
908
902
910
920
940
969
966
973
965
972
945
936
858
823
832
828
856
871
880
921
923
936
949
944
961
952
939
936
892
855
860
864
893
941
938
957
940
939
942
956
944
940
897
889
887
884
905
911
939
938
944
951
924
926
922
914
900
879
842
874
823
895
918
952
961
969
974
968
962
957
935
944
896
888
891
902
919
951
970
965
979
993
979
981
962
955
918
903
917
901
906
921
949
938
938
946
938
950
946
956
910
908
902
906
916
955
970
990
979
982
993
987
972
963
931
912
904
910
930
956
997
1009
980
995
982
966
972
960
955
923
919
915
926