918
916
910
929
868
897
932
925
943
942
952
942
941
924
921
916
901
907
868
867
871
881
897
923
978
986
990
979
981
964
961
948
936
907
863
859
845
839
833
851
869
901
914
932
937
947
960
939
927
913
899
877
827
838
841
856
867
924
931
939
959
968
983
967
965
947
911
911
849
858
878
903
952
971
965
969
984
1005
1012
997
985
979
961
936
900
919
866
917
925
970
981
970
971
973
948
960
956
899
828
777
838
794
841
846
881
918
953
965
977
994
1000
994
992
974
958
950
901
907
916
922
938
981
1000
1030
1019
1016
1022
1004
996
976
946
892
880
860
855
861
896
929
952
969
985
983
994
984
979
980
975
927
894
882
875
882
902
926
959
971
979
960
979
964
961
957
944
896
894
882
901
917
931
965
984
984
1000
990
995
966
954
944
933
870
870
848
856
862
896
920
965
984
997
1001
997
1002
998