929
931
887
899
915
901
912
909
922
917
934
901
904
927
938
992
926
948
933
936
919
901
890
889
903
934
962
979
989
985
984
980
979
952
938
913
914
933
959
960
979
980
979
974
959
921
899
879
895
922
961
974
982
993
995
990
987
950
940
926
951
971
996
995
987
996
1000
979
949
935
938
943
1002
1017
1024
1017
1006
990
978
938
933
918
920
960
979
961
967
968
966
961
928
920
918
909
934
938
945
944
952
939
928
928
866
884
891
843
912
944
979
997
981
958
877
902
890
892
884
920
920
951
930
938
923
923
920
913
885
893
916
950
997
1028
1051
1055
1042
1037
1026
992
986
979
986
1021
1034
1045
1056
1038
1034
1005
967
954
951
949
998
1001
980
996
979
963
972
908
914
891
921
957
978
972
982
979
980
965
943
905
885
883
912
943
960
960
944
958
945
928
884
879
876
871
887
918
960
903