972
986
958
976
978
971
975
975
928
908
895
915
969
1004
1017
1021
1020
1027
1025
999
969
968
1004
1011
1016
1030
1010
1001
972
941
936
945
980
1018
1025
1014
1024
1019
1013
944
920
935
963
979
996
1002
1012
988
892
879
896
898
931
965
963
986
993
984
979
949
927
923
923
962
996
1011
1004
1005
994
981
939
940
916
953
973
954
971
964
967
952
914
904
902
908
959
969
959
981
978
962
946
902
896
896
916
944
939
957
969
975
960
941
903
900
887
885
928
939
945
958
952
944
939
903
915
899
934
929
938
935
928
914
924
900
876
881
884
912
927
942
957
963
947
937
896
882
881
876
925
950
943
959
942
964
954
910
902
895
913
943
975
986
989
986
993
984
942
936
934
953
973
996
994
989
975
975
949
932
944
942
995
1005
998
1000
992
964
958
925
932
920
950
976
984
987
995
994
984
960
951
938
948