1007
989
946
914
893
915
953
992
1012
1016
995
987
982
934
935
916
933
929
943
968
979
991
981
954
886
865
878
874
894
918
962
972
986
1001
980
979
977
985
941
925
938
953
977
1021
1023
1006
1004
998
996
991
978
955
944
943
971
993
1028
1037
1044
1033
1016
999
896
865
874
872
906
938
958
973
977
975
979
978
986
970
938
937
943
974
1016
1044
1051
1032
1038
1030
1011
996
947
947
935
954
978
1021
1020
1010
1044
1025
1016
1006
967
974
968
962
969
996
1015
1021
1012
1005
981
898
868
869
875
879
884
905
922
926
938
931
932
937
947
900
908
933
948
943
955
972
988
986
979
964
975
969
916
920
908
904
924
937
960
953
967
954
963
976
958
914
930
938
951
966
979
982
995
988
973
974
965
911
887
899
916
941
977
995
989
971
964
958
963
938
916
925
938
971
988
1001
1020
1013
997
978
950
867