819
830
819
831
831
832
842
826
816
817
799
800
789
831
777
784
790
815
851
880
896
924
911
886
879
854
849
851
861
803
821
837
855
894
917
931
932
933
920
896
884
859
835
826
829
838
867
916
924
938
947
954
954
937
921
917
889
876
878
885
920
953
957
947
955
942
934
905
901
874
878
878
888
909
938
957
963
960
959
937
923
895
867
858
857
870
906
941
940
952
945
938
938
938
905
872
853
847
845
905
933
939
954
957
949
949
923
891
891
878
884
893
932
947
951
940
954
939
917
915
898
861
824
804
805
821
873
899
924
924
934
922
919
906