777
786
765
788
734
755
740
724
748
731
732
686
701
703
735
687
735
683
738
750
720
739
744
748
744
779
778
820
823
799
799
797
793
788
732
752
770
742
763
764
749
780
803
759
795
813
766
748
795
780
813
793
834
871
833
874
849
830
794
812
784
843
822
868
817
858
844
836
820
799
814
785
785
826
856
881
842
859
859
859
825
854
820
808
821
839
844
870
827
838
785
771
749
758
784
798
835
848
879
882
882
875
844
854
769
838
824
857
865
875
894
847
867
854
840
822
836
854
888
901
910
909
889
896
880
847
829
830
854
859
866
896
860
880
861
855
825
822
817
854
883
897
901
922
927
853
870
869