741
745
750
756
745
737
775
734
770
777
729
765
714
757
786
821
852
865
865
873
869
870
840
795
846
791
859
862
877
915
863
886
896
827
840
842
850
859
889
887
916
906
934
866
863
860
841
821
833
824
854
850
859
880
880
876
879
845
829
828
848
817
857
858
851
856
840
835
839
824
809
800
814
804
836
861
884
893
899
903
900
874
863
852
852
865
872
890
885
866
875
843
832
808
801
800
837
857
877
883
908
909
879
886
858
823
805
807
837
859
881
889
897
871
819
788
814
817
819
836
854
878
885
889
870
860
849
854
824
827
824
843
877
879
893
890
877
889
886
875
842
828