858
853
822
837
836
816
829
837
839
842
842
850
848
850
854
850
854
826
846
854
878
909
935
948
957
962
942
954
922
906
886
865
843
824
843
869
935
975
986
986
979
983
982
965
954
954
924
903
885
897
924
957
950
968
967
957
956
926
907
896
857
840
841
852
885
928
937
943
941
943
943
921
917
900
881
839
841
835
847
882
919
939
940
950
941
928
931
914
874
862
813
823
814
821
846
874
887
885
879
881
868
854
849
837
831
797
786
773
780
805
860
918
919
902
913
900
887
879
861
860
839
808
800
806
813
842
895
924
918
923
920
915
908
899
880