739
726
757
778
797
819
818
826
830
829
838
746
797
915
948
966
977
976
996
927
946
918
899
863
806
821
859
858
882
887
910
899
891
890
891
871
879
810
849
864
883
888
895
893
881
865
859
847
836
815
805
818
839
862
863
876
857
856
851
841
835
819
813
800
815
828
859
911
869
893
887
877
867
857
838
816
805
809
853
869
882
898
916
902
880
883
879
854
837
832
845
876
889
908
904
917
898
879
880
849
832
825
837
854
884
890
898
882
882
874
863
845
836
821
834
844
878
887
922
921
926
899
897
884
861
840
824
817
825
836
863
865
853
876
858
864
852
822