851
849
838
809
790
777
753
733
721
706
722
732
743
737
744
748
726
735
714
701
687
684
690
689
757
761
780
802
795
801
794
794
788
766
773
779
816
833
863
877
885
884
874
863
863
837
844
877
887
919
939
958
942
948
910
878
862
857
897
929
940
944
957
939
939
916
896
932
927
948
952
954
920
904
892
836
828
838
859
881
888
897
891
886
880
845
845
834
850
867
876
878
882
880
860
860
825
808
766
824
819
857
887
905
896
889
905
896
871
861
887
910
948
940
938
924
907
878
851
830
830
846
865
864
863
853
846
834
808
794
770
804
810
836
840
836
821
804
779
777
765
758