- 6.5
- 6.0
- 5.5
- 5.0
- 4.5
- 6.5

====================================================================================================
 Trial  Rate  Inhale  Exhale RMSSD LF Power HR Mean HR Max-Min  Samples
     1   6.5     3.1     6.2 28.23   575.83   73.90      23.12      148
     2   6.0     3.3     6.7 23.82   625.54   71.19      19.79      142
     3   5.5     3.6     7.3 24.29   756.44   69.81      22.40      138
     4   5.0     4.0     8.0 20.70  1268.40   67.60      14.91      134
     5   4.5     4.4     8.9 20.60  1675.28   67.92      16.77      135
     6   6.5     3.1     6.2 20.03   756.35   71.70      25.09      142
====================================================================================================